0	1
0.02206754722090237	0.9523290639933657
0.040051263850488	0.9207252641906757
0.05979974829048949	0.8933947052369021
0.07951976310819421	0.8749840476621417
0.09796394337643062	0.8678377307527251
0.1147711851741305	0.8723048185376886
0.13005321792483202	0.8881332156760405
0.14402695475376662	0.9151412967406014
0.15689668400770704	0.9533249768914074
0.1688324560839087	1.0028275971733798
0.17997229391826866	1.0638984409873098
0.1904283963556546	1.136860664657925
0.20029284635064976	1.22208847432049
0.2096421087811361	1.3199908006405274
0.21854043994141983	1.4309992076115254
0.2270424577016247	1.5555584686647261
0.23519509037148942	1.6941187407293834
0.24303906891268415	1.847128576178879
0.25061008146875263	2.0150281915353876
0.25793967510300086	2.198242504227823
0.2650559651848604	2.3971734821812976
0.2719841954293043	2.612191342734311
0.2787471790639584	2.843624099869347
0.28536564249822005	3.0917449052615633
0.2918584862643046	3.356756579119584
0.2982429734143982	3.63877271527329
0.3045348529278155	3.937794828790351
0.31074842534280905	4.253685282991437
0.3168965604609622	4.58613630940654
0.3229906833935213	4.93463645666938
0.3290407558260642	5.298437360666
0.33505529311571	5.676525726973878
0.341041470858743	6.067607404973786
0.3470053795409212	6.470111471319385
0.3529524737318903	6.8822210627579326
0.35888822780923263	7.3019333778892905
0.3648189596418665	7.72714423005769
0.37075273732919933	8.155745105980527
0.3767002670356089	8.585716203756677
0.38267568383419304	9.015199537973336
0.3886972181356763	9.44254107656442
0.39478775153421536	9.866296459505783
0.4009752595881594	10.285196693825803
0.4072929962462325	10.698064195282447
0.41377886427920485	11.10365111609796
0.4204724320865508	11.500335741512169
0.42740608268376135	11.885566723712264
0.43458469422433976	12.2549895307229
0.4419540595778264	12.601699214023194
0.44938727039512166	12.91722671482825
0.4567346322145458	13.19518033301823
0.46390063654247093	13.434101123971402
0.47086382420396766	13.63650831380726
0.4776480860596871	13.806420854955729
0.48429335307498406	13.947782913563563
0.49084083252249383	14.063927367627915
0.497328088245524	14.157528897361455
0.5037883023130856	14.23070238127472
0.5102508868635165	14.285117208843372
0.5167423799904682	14.322092772571867
0.5232872920697506	14.342671182032351
0.5299088264342465	14.347670997667644
0.5366294778588839	14.337726654710346
0.5434715307960076	14.313317468401774
0.5504574779431202	14.274789186611079
0.5576103720604232	14.222370350627616
0.5649541137385621	14.156185289269697
0.5725136653400221	14.07626538709378
0.5803151657174629	13.982560313925447
0.5883859006332303	13.874951163263374
0.5967540604457913	13.7532678815396
0.6054481937047704	13.617313853203749
0.6144962548636153	13.466900715398358
0.6239241715669657	13.301895748843128
0.6337539608925571	13.122281490200454
0.6440016392466813	12.928221551385068
0.6546754736957093	12.720118454596491
0.6657753581215172	12.498642443073923
0.6772939925901795	12.264711896498241
0.6892199393605061	12.019421013602484
0.7015417894501752	11.763932926369081
0.7142522001872711	11.499370898672156
0.7273508017890317	11.226736419949933
0.740845650134114	10.946866239458288
0.7547534960345128	10.66042414515756
0.7690993788694426	10.367915562654453
0.7839160004759419	10.06971313919452
0.7992431725679227	9.766085110965015
0.8151274805123522	9.45722210544101
0.831622208807843	9.143260776108658
0.8487875240616167	8.824304232756038
0.8666908918643367	8.50043997392504
0.8854076990693203	8.171756312864296
0.905022052197272	7.838358363541808
0.9256277195687477	7.5003846594919805
0.9473291747735735	7.158025482421612
0.9702426779017255	6.811544001200087
0.9944972933329542	6.4613013553211465
1	6.384175924616078
1.0202356820011165	6.107786819053426
1.047614413755795	5.751654067998303
1.07680341425096	5.393764183602242
1.1079839896851484	5.035235114302689
1.1413446798144633	4.677495478031711
1.1770740342458255	4.322337372277498
1.2153494167919572	3.9719579491616024
1.2563213217656095	3.628973383668539
1.3000936473093128	3.2963837419346125
1.346701934186521	2.9774677586384164
1.3960933049342037	2.6755981069739607
1.448112820758434	2.393991619595786
1.5025003814932687	2.135436861077983
1.5589000558893393	1.9020582608501335
1.6168805105008905	1.6951708133471683
1.675962068773435	1.515253231495757
1.7356446759142101	1.3620304221710207
1.7954336670915803	1.2346234441584223
1.8548657620913975	1.1317146498939843
1.9135403718450805	1.0516955428162489
1.9711558798699838	0.9927983065952622
2	0.9703680446262688
2.0275411188476484	0.9532273547941164
2.0826703413990066	0.9312933116790111
2.1366595978212906	0.9255325755358117
2.18975418680796	0.9347969519684362
2.242321634054615	0.9583168255989025
2.2948639802530657	0.9957611750233588
2.3480637559904594	1.0473325928001636
2.4028814383207915	1.1139458192723835
2.4606856927876044	1.1974660363539322
2.522851602423699	1.2998896969471325
2.586355109826448	1.4141703714328786
2.6431770008065056	1.5207629942484384
2.6935497165937563	1.6153941665160705
2.740078294417774	1.7003453573780414
2.784383771243394	1.777001322961456
2.8274547552407894	1.8459052327850707
2.8699919550465505	1.9071824765730083
2.9125662658448808	1.9607189656294661
2.95570357943366	2.0062286038802184
2.9999453492358166	2.0432685450317614
3	2.0433081421565924
3.04590867935562	2.071218139035346
3.0943663445067116	2.0892164610113526
3.14637778602437	2.0960307529383795
3.2035313727148207	2.089784371535297
3.2683793794247915	2.0674003450673424
3.344368881215131	2.0241315467158927
3.427412914505435	1.9609552913148018
3.5051536921165245	1.891557931870944
3.5786622609466923	1.8205690163826522
3.6505772930940203	1.7488730485843704
3.722435891544651	1.677174886137869
3.795220814463127	1.6061884770386188
3.869649202703133	1.536623352356275
3.946306169835293	1.46916828254023
4	1.4248174228771973
4.0257181505937645	1.4044750956715353
4.108404526326269	1.3431408772668314
4.194926172824858	1.285688703803821
4.285943782627023	1.232548164197432
4.382300313844312	1.1840368413601392
4.485151606439029	1.140342489589022
4.596196041763342	1.101502323075716
4.718128292056325	1.0673685833517919
4.855671644878328	1.0375302728840183
5	1.013690226120905
5.018326918308547	1.0111006320145937
5.225824710998316	0.9863445652751428
5.445722561083143	0.9656004715646528
5.641676514322166	0.9483245389463589
5.83483192042931	0.9304808928830638
6	0.9139794611642034
6.038202722183561	0.9099837299498919
6.2648833414005916	0.885034736282892
6.536776270999298	0.8530865648333108
6.871065936374174	0.8129446438223255
6.943939806766359	0.8042824425057732
6.998710869708138	0.797829993044453
7	0.7976835540779065
7.076425392444657	0.7885668966781538
7.141973659652881	0.7798206905286222
7.230171056277475	0.7656595339912391
7.318126912986743	0.7478610371504476
7.408094506981993	0.7251423100352271
7.502608307614788	0.6960061536149904
7.604952073944028	0.6584385039127801
7.719530514508281	0.6096552197803831
7.842385123857674	0.5509835520814176
7.951570190570335	0.4950501957402548
8	0.4695685578398558
8.046595829332565	0.44491179107290735
8.133380874117522	0.39901914572704883
8.215368395815412	0.35640729860249704
8.294491317401345	0.31663714111727503
8.372026233861998	0.27949650985223673
8.448977980413634	0.2448636619089616
8.526261273011658	0.21265384058288778
8.604814046833816	0.1827967933342291
8.685699423587476	0.15522584606141573
8.77023017938403	0.1298720276286932
8.860155696471775	0.10666065725947672
8.957982928240163	0.08550952869212367
9	0.07763849913580684
9.067586692873864	0.06632933108733716
9.195488988102126	0.04903032847160875
9.353833717944243	0.03355094315852958
9.56808078271116	0.019964870015090612
9.901807976944237	0.00875386597799266
10	0.006943317329364332
10.32326157870218	0.0030269917602701044
10.764804175963882	0.0009890774688418578
11	0.0005536718982244013
11.175248464649428	0.00035265974091142993
11.585455971356707	0.0001258267262934583
12	442936958273671e-19
12.003896487115664	43880200862638554e-21
12.43377712142664	14821467579916205e-21
12.876824596790266	4824796012416431e-21
13	36024135821292326e-22
13.334235282788159	15092497919059248e-22
13.807037446229034	45387933338490416e-23
14	284986465358587e-21
