0	100
0.0034601061451043705	99.47241001137048
0.0071916934713348	108.14903363864084
0.010918968348533582	126.59987863906679
0.014532842876539753	154.85930678581738
0.017960859995805545	192.7855656979981
0.02117467526118222	240.29329089033646
0.02417518385631992	297.46426871603813
0.026976959963333328	364.5412120700686
0.0295989430403244	441.88201099654367
0.03206012402795851	529.9165308082361
0.03437789857693933	629.115647435027
0.036567621269992044	739.9708349419167
0.03864264436581479	862.9808781156041
0.04061452517530304	998.6430257827077
0.042493271218622966	1147.4468398828906
0.04428757292448756	1309.8696722521522
0.046005007591184345	1486.3731265677666
0.04765221206605355	1677.4001190303422
0.04923502671041642	1883.3723042828713
0.05075861472168668	2104.687725163611
0.05222756094841461	2341.7186014015324
0.05364595388274959	2594.809207980352
0.055017453934530565	2864.2738171489573
0.05634535053374483	3150.3946939140073
0.05763261012455455	3453.420146237096
0.05888191671371178	3773.5626397899214
0.060095706312195324	4110.9969939958955
0.0612761963496181	4465.858681759252
0.06242541093435787	4838.242260023447
0.06354520266779462	5228.199962191579
0.06463727158961306	5635.740486433128
0.06570318172569603	6060.828015854382
0.0667443756250273	6503.381507223384
0.06776218720280855	6963.274284182833
0.06875785315022048	7440.333968418544
0.06973252312428183	7934.342777877988
0.07068726889202644	8445.038214701202
0.07162309257024321	8972.114157013526
0.07254093407415256	9515.222358219738
0.07344167786486394	10073.974345213835
0.07432615906572503	10647.94369342697
0.07519516900138998	11236.668642518433
0.07604946020042212	11839.655002596997
0.07688975089233369	12456.3792880484
0.0777167290230975	13086.292005355768
0.07853105580914874	13728.821013638217
0.07933336884856375	14383.374872826873
0.08012428480909475	15049.34609496135
0.08090440171564796	15726.114219254134
0.08167430086405453	16413.04864114222
0.0824345483929776	17109.51113894592
0.08318569655086476	17814.858058044094
0.08392828469935684	18528.44213044039
0.08466284009795617	19249.613925885213
0.08538987851661396	19977.722947969007
0.08610990472300559	20712.118403628785
0.08682341288955818	21452.14968635698
0.08753088696192214	22197.166621487806
0.08823280102584206	22946.519526068627
0.08892961970366686	23699.55913614806
0.08962179860550328	24455.636451295497
0.09030978485372933	25214.102540505188
0.0909940176936321	25974.308346103862
0.09167492919767495	26735.604513718048
0.09235294506654602	27497.341267494936
0.09302848552684842	28258.868341261023
0.09370196632309284	29019.534968610416
0.09437379980052132	29778.689928354514
0.09504439607514173	30535.681636496643
0.09571416428806341	31289.858271932742
0.09638351394267178	32040.567920344467
0.09705285632523904	32787.15871908892
0.0977226060121287	33528.97898508713
0.09839318246974889	34265.377307566494
0.0990650117567919	34995.70258778314
0.09973852834207086	35719.30400833578
0.1004141770554575	36435.5309151771
0.10109241519413756	37143.73259577207
0.10177371481174345	37843.25793686396
0.10245856522409688	38533.45494485536
0.10314747577252824	39213.670110729596
0.10384097889435827	39883.24759957535
0.1045396335605316	40541.52824194264
0.10524402915310184	41187.84830022331
0.10595478987093612	41821.53797770468
0.10667257977149101	42441.919630500466
0.10739810858086996	43048.3056326523
0.10813213843498776	43639.995831569075
0.10887549175324665	44216.27451355618
0.10962906049481286	44776.40677599964
0.1103938171088929	45319.63417168132
0.11117082756717363	45845.16944869912
0.11196126696144713	46352.19015220698
0.11276643826369899	46839.83077542178
0.11358779497673756	47307.1730380309
0.11442696853745674	47753.23371731948
0.11528580143404771	48176.94924273603
0.11616638696893787	48577.15596362076
0.11707111622136651	48952.56458277241
0.118002731537627	49301.72669090988
0.11896438267944608	49622.990657431226
0.11995967409083802	49914.44351396441
0.12099267414530357	50173.83561451393
0.12206781841932782	50398.48800117929
0.12318955884920978	50585.19486783777
0.12436146875859674	50730.17088034635
0.12558436471814607	50829.18304492387
0.12685324541010204	50878.14914710902
0.12815443802062543	50874.46627525401
0.1294668892293775	50818.61903392246
0.13076944904916693	50714.57984567123
0.13204810012364543	50568.357250978144
0.13329715714945045	50386.12604026207
0.13451641201724263	50173.23373402921
0.13570818425309564	49934.018758138336
0.13687558663437233	49671.957936711784
0.13802173870193668	49389.86664486337
0.13914947514710982	49090.06566798521
0.1402612720326679	48774.504304995025
0.14135925844930666	48444.84828779692
0.14244525651093887	48102.542560564136
0.14352082663369733	47748.856666934604
0.14458730957451552	47384.91812737527
0.1456458626900055	47011.73743670542
0.14669749022410036	46630.22712484588
0.1477430682593048	46241.21654038787
0.14878336517298804	45845.463500342936
0.14981905840910428	45443.663606320326
0.15085074826676365	45036.45779631745
0.15187896928486375	44624.438543325
0.15290419969040636	44208.15500225529
0.15392686928415886	43788.117329349894
0.15494736606108792	43364.80034288555
0.15596604180235837	42938.64665383633
0.15698321682785232	42510.0693656364
0.15799918406059998	42079.4544202151
0.15901421252499728	41647.16265094146
0.16002855037746316	41213.53159053777
0.16104242754988857	40778.877072349955
0.16205605807172654	40343.49465586977
0.16306964212506547	39907.660901537995
0.1640833678778522	39471.63451523204
0.16509741313307974	39035.657379171826
0.16611194682587152	38599.95548303407
0.1671271303956475	38164.73976669965
0.16814311905672646	37730.206884144
0.1691600629876345	37296.53989641651
0.17017810845688064	36863.90890038156
0.17119739890093458	36432.47159884731
0.1722180759685103	36002.373816843385
0.1732402805439168	35573.749968107004
0.17426415376115753	35146.72347525711
0.1752898380195851	34721.40714666268
0.17631747801118675	34297.90351263605
0.17734722176896284	33876.305123289036
0.17837922174534288	33456.6948101658
0.17941363592910195	33039.14591361847
0.1804506290087951	32623.72247780213
0.18149037359025574	32210.479415148035
0.18253305147523718	31799.4626422021
0.18357885500768154	31390.709188832123
0.18462798849347953	30984.247282959648
0.1856806696988104	30580.096413201783
0.18673713143124576	30178.26737209518
0.1877976232067188	29778.76228292568
0.188862413004234	29381.57461358062
0.1899317891087349	28986.689181299455
0.19100606204093817	28594.08215268168
0.19208556657115172	28203.721043821693
0.19317066381216885	27815.564725952965
0.19426174338431773	27429.563442474588
0.19535922564374028	27045.658843664507
0.1964635639630717	26663.784045721946
0.19757524705198026	26283.863720999172
0.1986948013037672	25905.814226298386
0.19982279315345097	25529.54377593007
0.20095983143278828	25154.952665766054
0.2021065697086205	24781.933553772877
0.20326370859297999	24410.371801447323
0.20443199801672038	24040.145879185984
0.2056122394630721	23671.12783694709
0.20680528816361518	23303.183839613015
0.20801205526654595	22936.174764343472
0.2092335099957621	22569.95685498567
0.21047068182895953	22204.382426403135
0.2117246627333574	21839.300609524023
0.21299660950855176	21474.55812611226
0.21428774629702416	21110.000080847552
0.2155993673336941	20745.47075736357
0.21693284001641422	20380.814404492925
0.21828960838930497	20015.87599914451
0.2196711971403888	19650.501972964656
0.22107921622421345	19284.540891179586
0.22251536622947726	18917.844073675366
0.22398144462149389	18550.266150360978
0.22547935300040314	18181.66554503705
0.22701110552908713	17811.904884251235
0.22857883870077841	17440.85132983252
0.23018482263642767	17068.376835865438
0.23183147412725852	16694.358332717144
0.2335213716700746	16318.677842300778
0.23525727278348998	15941.222530022078
0.23704213394440457	15561.884699803553
0.23887913354831353	15180.561739219205
0.24077169837771625	14797.156022114734
0.24272353416410372	14411.574776174735
0.24473866095629548	14023.729922743481
0.24682145416849544	13633.53789583776
0.24897669238503206	13240.919446719166
0.2512096132584109	12845.799439614422
0.2535259791708909	12448.106643144658
0.255932154761789	12047.77352068303
0.258435198987246	11644.736021074183
0.26104297512426883	11238.933368709373
0.26376428312486233	10830.30784853605
0.2666090200678058	10418.804576679673
0.26958837628982996	10004.371240200142
0.27271507732013617	9586.95777890288
0.2760036853187043	9166.515966243445
0.2794709788328708	8742.998822383872
0.2831364371295539	8316.359756027172
0.2870228664026702	7886.551276120601
0.2911572218812578	7453.523029907287
0.295571705771389	7017.218795922847
0.3003052620533074	6577.5718718070675
0.30540565591287755	6134.498035039149
0.3109324365549709	5687.884952066802
0.31696126975747385	5237.576794034453
0.3235904433809148	4783.353868986567
0.3309508542320322	4324.913220516957
0.33922137729748636	3861.883111827604
0.34865082434092826	3394.0178700121473
0.35957648320656077	2922.196298462577
0.3723602575012076	2452.567320719659
0.38697811601985266	2007.1716199753841
0.4026108023555035	1619.915809606138
0.41861244015898846	1300.7994519220322
0.434954792779631	1039.7123892934078
0.4518090340367653	825.2476439843193
0.4693623879324273	648.8013082804945
0.48779772498742646	503.97740633869256
0.5073043312532969	385.7994701557159
0.5280917315890475	290.21819366922364
0.5504042238907463	213.8245919933018
0.5745377404363202	153.67938847555334
0.6008614227837876	107.20740683431443
0.6298469650187414	72.12934966517557
0.6621096537977744	46.41600882899219
0.6984653916676481	28.256713596899967
0.7400044822572371	16.03753521527657
0.7881632027696803	8.326920275940463
0.8447014709345337	3.8679472257592993
0.911323264899226	1.5788297805308091
0.988688853634786	0.5705022815680802
1	0.4999048888283887
1.0757542068119907	0.19293615493246574
1.170898989936544	0.06731124340374214
1.2732975518563578	0.026787768790442743
1.3831366136114362	0.012745789557810683
1.5013960749669324	0.007066646830454038
1.6297509821079013	0.004335653047559457
1.7707319911841044	0.002832129336418297
1.9282719553391838	0.0019238353944851442
2	0.0016539620705748825
2.109135565756906	0.0013348490818815145
2.3274737961618035	0.0009255248000079718
2.630243833052801	0.0006073602625424712
2.9110429038561008	0.0004369360589723154
3	0.000397478465573781
3.204784285472513	0.0003225793107006831
3.4714821937427844	0.0002519263920982243
3.7295411477911085	0.00020249132626347501
3.9854573719992628	0.00016595647820388552
4	0.00016418681902459484
4.242181122736455	0.00013810863399594357
4.501582176780721	0.0001164322287491448
4.764753382241011	9931272515914812e-20
5	8713084919099897e-20
5.032456710234015	856421650057451e-19
5.305279985901177	7462999169266862e-20
5.583709260800795	6569711428952604e-20
5.868171006475191	5841113017282712e-20
6	5554766781614739e-20
6.159057867704762	5244450802625543e-20
6.456744987794929	47546456472083726e-21
6.761600774572935	43523400236888516e-21
7	4094066826426632e-20
7.073994359698769	40225110189510574e-21
7.394301638279565	3385880109746532e-20
7.72290420706557	22189787515293517e-21
8	11916731287938907e-21
8.060208016845076	9999216199468727e-21
8.406632811220106	24869296942965032e-22
8.762616849944692	19281485378100807e-23
9	9538090102237484e-24
9.128622244941381	-7902339628017252e-24
9.505142763646859	10441016989097994e-25
9.89270627318563	-1777953180874912e-25
10	-4789607985727241e-26
10.291877174320874	30579448692357725e-27
10.703262113766257	-5923673181943104e-27
11	1808740368563574e-27
11.127515789346916	93748943301959e-26
11.565347214870942	-3226415652003503e-28
12	-32234133664009353e-30
12.017526843455526	-6690066200970417e-29
12.484894692626296	-12173071049718453e-29
12.968369674635131	-12874027619704947e-29
13	-7322456695658035e-29
13.468960374896408	-16091723224454613e-29
13.98777757803849	-21032390963949294e-29
14	-18088041154657887e-29
